%YAML:1.0
---
camera_Matrix: !!opencv-matrix
   rows: 3
   cols: 3
   dt: d
   data: [ 1.6512833283254749e+03, 0., 6.5668475632934678e+02, 0.,
       1.6450570190453168e+03, 5.5753069326908485e+02, 0., 0., 1. ]
dist_Coeffs: !!opencv-matrix
   rows: 1
   cols: 5
   dt: d
   data: [ -6.5313794534758315e-02, 2.2585412009655889e-01,
       2.5320326887371142e-03, -1.4382225938520160e-03,
       5.1551513130412541e-01 ]
