%YAML:1.0
---
image_points:
   - [ 4.1646743774414062e+02, 8.6785644531250000e+02 ]
   - [ 4.1850350952148438e+02, 8.0761724853515625e+02 ]
   - [ 4.1990682983398438e+02, 7.4831665039062500e+02 ]
   - [ 4.2187863159179688e+02, 6.8982464599609375e+02 ]
   - [ 4.2363250732421875e+02, 6.3275250244140625e+02 ]
   - [ 4.2550646972656250e+02, 5.7591070556640625e+02 ]
   - [ 4.7686611938476562e+02, 8.6776696777343750e+02 ]
   - [ 4.7809338378906250e+02, 8.0760510253906250e+02 ]
   - [ 4.7923571777343750e+02, 7.4839715576171875e+02 ]
   - [ 4.8054693603515625e+02, 6.9028845214843750e+02 ]
   - [ 4.8170040893554688e+02, 6.3289282226562500e+02 ]
   - [ 4.8257827758789062e+02, 5.7629644775390625e+02 ]
   - [ 5.3689746093750000e+02, 8.6757208251953125e+02 ]
   - [ 5.3787780761718750e+02, 8.0736480712890625e+02 ]
   - [ 5.3828656005859375e+02, 7.4841302490234375e+02 ]
   - [ 5.3905480957031250e+02, 6.9049877929687500e+02 ]
   - [ 5.3946734619140625e+02, 6.3287731933593750e+02 ]
   - [ 5.4068310546875000e+02, 5.7664733886718750e+02 ]
   - [ 5.9711981201171875e+02, 8.6757391357421875e+02 ]
   - [ 5.9726416015625000e+02, 8.0751196289062500e+02 ]
   - [ 5.9731335449218750e+02, 7.4867456054687500e+02 ]
   - [ 5.9720599365234375e+02, 6.9046832275390625e+02 ]
   - [ 5.9747491455078125e+02, 6.3339141845703125e+02 ]
   - [ 5.9763116455078125e+02, 5.7686193847656250e+02 ]
   - [ 6.5674743652343750e+02, 8.6709252929687500e+02 ]
   - [ 6.5623504638671875e+02, 8.0741870117187500e+02 ]
   - [ 6.5581665039062500e+02, 7.4848962402343750e+02 ]
   - [ 6.5564630126953125e+02, 6.9076641845703125e+02 ]
   - [ 6.5548870849609375e+02, 6.3347705078125000e+02 ]
   - [ 6.5516668701171875e+02, 5.7732824707031250e+02 ]
   - [ 7.1620196533203125e+02, 8.6674548339843750e+02 ]
   - [ 7.1516461181640625e+02, 8.0718811035156250e+02 ]
   - [ 7.1416247558593750e+02, 7.4887933349609375e+02 ]
   - [ 7.1351226806640625e+02, 6.9077178955078125e+02 ]
   - [ 7.1269476318359375e+02, 6.3375134277343750e+02 ]
   - [ 7.1215356445312500e+02, 5.7766833496093750e+02 ]
   - [ 7.7543170166015625e+02, 8.6645727539062500e+02 ]
   - [ 7.7367816162109375e+02, 8.0732794189453125e+02 ]
   - [ 7.7244494628906250e+02, 7.4885247802734375e+02 ]
   - [ 7.7114111328125000e+02, 6.9111669921875000e+02 ]
   - [ 7.6985192871093750e+02, 6.3404107666015625e+02 ]
   - [ 7.6889416503906250e+02, 5.7777471923828125e+02 ]
   - [ 8.3415728759765625e+02, 8.6581732177734375e+02 ]
   - [ 8.3160473632812500e+02, 8.0695745849609375e+02 ]
   - [ 8.2986816406250000e+02, 7.4889782714843750e+02 ]
   - [ 8.2823858642578125e+02, 6.9130780029296875e+02 ]
   - [ 8.2666229248046875e+02, 6.3455603027343750e+02 ]
   - [ 8.2527374267578125e+02, 5.7841119384765625e+02 ]
   - [ 8.9230181884765625e+02, 8.6542883300781250e+02 ]
   - [ 8.8966601562500000e+02, 8.0675329589843750e+02 ]
   - [ 8.8721520996093750e+02, 7.4869946289062500e+02 ]
   - [ 8.8493902587890625e+02, 6.9135565185546875e+02 ]
   - [ 8.8332214355468750e+02, 6.3496209716796875e+02 ]
   - [ 8.8158721923828125e+02, 5.7866229248046875e+02 ]
object_points:
   - [ 0., 0., 0. ]
   - [ 50., 0., 0. ]
   - [ 100., 0., 0. ]
   - [ 150., 0., 0. ]
   - [ 200., 0., 0. ]
   - [ 250., 0., 0. ]
   - [ 0., 50., 0. ]
   - [ 50., 50., 0. ]
   - [ 100., 50., 0. ]
   - [ 150., 50., 0. ]
   - [ 200., 50., 0. ]
   - [ 250., 50., 0. ]
   - [ 0., 100., 0. ]
   - [ 50., 100., 0. ]
   - [ 100., 100., 0. ]
   - [ 150., 100., 0. ]
   - [ 200., 100., 0. ]
   - [ 250., 100., 0. ]
   - [ 0., 150., 0. ]
   - [ 50., 150., 0. ]
   - [ 100., 150., 0. ]
   - [ 150., 150., 0. ]
   - [ 200., 150., 0. ]
   - [ 250., 150., 0. ]
   - [ 0., 200., 0. ]
   - [ 50., 200., 0. ]
   - [ 100., 200., 0. ]
   - [ 150., 200., 0. ]
   - [ 200., 200., 0. ]
   - [ 250., 200., 0. ]
   - [ 0., 250., 0. ]
   - [ 50., 250., 0. ]
   - [ 100., 250., 0. ]
   - [ 150., 250., 0. ]
   - [ 200., 250., 0. ]
   - [ 250., 250., 0. ]
   - [ 0., 300., 0. ]
   - [ 50., 300., 0. ]
   - [ 100., 300., 0. ]
   - [ 150., 300., 0. ]
   - [ 200., 300., 0. ]
   - [ 250., 300., 0. ]
   - [ 0., 350., 0. ]
   - [ 50., 350., 0. ]
   - [ 100., 350., 0. ]
   - [ 150., 350., 0. ]
   - [ 200., 350., 0. ]
   - [ 250., 350., 0. ]
   - [ 0., 400., 0. ]
   - [ 50., 400., 0. ]
   - [ 100., 400., 0. ]
   - [ 150., 400., 0. ]
   - [ 200., 400., 0. ]
   - [ 250., 400., 0. ]
